sensor:
0 = 0000
1 = 1000
2 = 0100
3 = 1100
4 = 0010
5 = 1010
6 = 0110
7 = 1110
8 = 0001
9 = 1001
10 = 0101
11 = 1101
12 = 0011
13 = 1011
14 = 0111
15 = 1111


start:
1.10000000
2.01000000
3.11000000
4.00100000
5.10100000
6.01100000
7.11100000
8.00010000
9.10010000
10.01010000
11.11010000
12.00110000
13.10110000
14.01110000
15.11110000
16.00001000
17.10001000
18.01001000
19.11001000
20.00101000
21.10101000
22.01101000
23.11101000
24.00011000
25.10011000
26.01011000
27.11011000
28.00111000
29.10111000
30.01111000
31.11111000
32.00000100
33.10000100
34.01000100
35.11000100
36.00100100
37.10100100
38.01100100
39.11100100
40.00010100
41.10010100
42.01010100
43.11010100
44.00110100
45.10110100
46.01110100
47.11110100
48.00001100
49.10001100
50.01001100
51.11001100
52.00101100
53.10101100
54.01101100
55.11101100
56.00011100
57.10011100
58.01011100
59.11011100
60.00111100
61.10111100
62.01111100
63.11111100
64.00000010
65.10000010
66.01000010
67.11000010
68.00100010
69.10100010
70.01100010
71.11100010
72.00010010
73.10010010
74.01010010
75.11010010
76.00110010
77.10110010
78.01110010
79.11110010
80.00001010
81.10001010
82.01001010
83.11001010
84.00101010
85.10101010
86.01101010
87.11101010
88.00011010
89.10011010
90.01011010
91.11011010
92.00111010
93.10111010
94.01111010
95.11111010
96.00000110
97.10000110
98.01000110
99.11000110
100.00100110
101.10100110
102.01100110
103.11100110
104.00010110
105.10010110
106.01010110
107.11010110
108.00110110
109.10110110
110.01110110
111.11110110
112.00001110
113.10001110
114.01001110
115.11001110
116.00101110
117.10101110
118.01101110
119.11101110
120.00011110
121.10011110
122.01011110
123.11011110
124.00111110
125.10111110
126.01111110
127.11111110
128.00000001
129.10000001
130.01000001
131.11000001
132.00100001
133.10100001
134.01100001
135.11100001
136.00010001
137.10010001
138.01010001
139.11010001
140.00110001
141.10110001
142.01110001
143.11110001
144.00001001
145.10001001
146.01001001
147.11001001
148.00101001
149.10101001
150.01101001
151.11101001
152.00011001
153.10011001
154.01011001
155.11011001
156.00111001
157.10111001
158.01111001
159.11111001
160.00000101
161.10000101
162.01000101
163.11000101
164.00100101
165.10100101
166.01100101
167.11100101
168.00010101
169.10010101
170.01010101
171.11010101
172.00110101
173.10110101
174.01110101
175.11110101
176.00001101
177.10001101
178.01001101
179.11001101
180.00101101
181.10101101
182.01101101
183.11101101
184.00011101
185.10011101
186.01011101
187.11011101
188.00111101
189.10111101
190.01111101
191.11111101
192.00000011
193.10000011
194.01000011
195.11000011
196.00100011
197.10100011
198.01100011
199.11100011
200.00010011
201.10010011
202.01010011
203.11010011
204.00110011
205.10110011
206.01110011
207.11110011
208.00001011
209.10001011
210.01001011
211.11001011
212.00101011
213.10101011
214.01101011
215.11101011
216.00011011
217.10011011
218.01011011
219.11011011
220.00111011
221.10111011
222.01111011
223.11111011
224.00000111
225.10000111
226.01000111
227.11000111
228.00100111
229.10100111
230.01100111
231.11100111
232.00010111
233.10010111
234.01010111
235.11010111
236.00110111
237.10110111
238.01110111
239.11110111
239.11110111
240.00001111
241.10001111
242.01001111
244.00101111
245.10101111
246.01101111
247.11101111
248.00011111
248.00011111
249.10011111
250.01011111
251.11011111
252.00111111
253.10111111
254.01111111
255.11111111
